100
89447
249797
490597
91558
129131
237229
370885
77697
100
371580
46009
477401
486152
194408
452299
43720
361450
438213
34413
145536
86689
267965
286368
154037
292572
413590
312606
397789
173587
292415
500
322607
491259
3230
393478
261572
236345
434671
485829
344739
48349
85750
489779
101690
269369
402008
230425
69195
181221
237108
479856
318394
200
126842
387737
14869
172498
438874
171799
312478
442389
129629
180364
268410
277610
385093
356664
37398
400423
257738
384545
51986
48741
384234
300
465519
206471
86290
172410
10008
291474
374691
256961
318585
118647
346885
435025
150961
435575
129027
43977
188918
349752
300328
153534
258851
400
247222
388099
142436
200
472359
481010
187098
493222
179990
251590
114935
340277
220217
208183
254717
19886
156229
179814
188396
39042
463633
161568
293697
91081
291936
368839
118835
259431
500
138690
185056
346519
385580
186417
127368
374984
252899
489083
25074
426013
248457
169606
199755
469545
420676
390990
21013
151660
233038
402381
389959
243538
52935
388363
168944
448700
83890
23685
155419
125760
222850
53958
475920
36028
442881
234018
314539
474039
193076
27574
303119
300808
300
113418
321091
494633
183308
91447
316773
96053
326131
393988
277530
423206
364467
423728
75257
469763
459382
220432
99566
307439
60535
263908
276944
118620
154343
31412
228340
160061
279677
462927
490392
29816
180034
386759
91189
437468
182908
123545
384430
11754
414412
239206
272372
477976
154391
425583
256497
263995
237087
51347
333982
470960
80364
473511
29880
494550
316958
217211
17259
244032
184336
138664
276989
413934
124940
415492
100
317284
369798
364147
328421
420508
425770
475665
320713
85884
324154
413339
217825
120343
48951
159636
205919
10862
395805
72664
390295
317103
436666
477582
274713
130055
321191
356239
425566
93940
410985
455577
42226
390188
114901
487156
336816
95246
219503
290976
31596
257873
476314
484931
200
12106
145035
260206
70939
190730
234770
154431
221115
415658
371431
122725
175516
356595
246691
202280
77678
448716
377675
496034
400
286334
